   0.0000000   0.0000000  0.00000000000
   0.0000000   0.1000000  0.00000000000
   0.0000000   0.2000000  0.00000000000
   0.0000000   0.3000000  0.00000000000
   0.0000000   0.4000000  0.00000000000
   0.0000000   0.5000000  0.00000000000
   0.0000000   0.6000000  0.00000000000
   0.0000000   0.7000000  0.00000000000
   0.0000000   0.8000000  0.00000000000
   0.0000000   0.9000000  0.00000017485
   0.1000000   0.0000000  0.00000000000
   0.1000000   0.1000000  0.95710158348
   0.1000000   0.2000000  1.54862308502
   0.1000000   0.3000000  1.54862284660
   0.1000000   0.4000000  0.95710152388
   0.1000000   0.5000000 -0.00000014235
   0.1000000   0.6000000 -0.95710206032
   0.1000000   0.7000000 -1.54862284660
   0.1000000   0.8000000 -1.54862284660
   0.1000000   0.9000000  0.00000000000
   0.2000000   0.0000000  0.00000000000
   0.2000000   0.1000000  1.54862308502
   0.2000000   0.2000000  2.38386440277
   0.2000000   0.3000000  2.26793074608
   0.2000000   0.4000000  1.27218437195
   0.2000000   0.5000000 -0.21400675178
   0.2000000   0.6000000 -1.61995840073
   0.2000000   0.7000000 -2.40764284134
   0.2000000   0.8000000 -1.31875538826
   0.2000000   0.9000000  0.00000000000
   0.3000000   0.0000000  0.00000000000
   0.3000000   0.1000000  1.54862284660
   0.3000000   0.2000000  2.26793074608
   0.3000000   0.3000000  1.98754119873
   0.3000000   0.4000000  0.88545006514
   0.3000000   0.5000000 -0.58171290159
   0.3000000   0.6000000 -1.83764111996
   0.3000000   0.7000000 -1.43887329102
   0.3000000   0.8000000 -0.76596444845
   0.3000000   0.9000000  0.00000000000
   0.4000000   0.0000000  0.00000000000
   0.4000000   0.1000000  0.95710152388
   0.4000000   0.2000000  1.27218437195
   0.4000000   0.3000000  0.88545006514
   0.4000000   0.4000000  0.02322500944
   0.4000000   0.5000000 -0.92342770100
   0.4000000   0.6000000 -0.59805309772
   0.4000000   0.7000000 -0.33572977781
   0.4000000   0.8000000 -0.15194922686
   0.4000000   0.9000000  0.00000000000
   0.5000000   0.0000000  0.00000000000
   0.5000000   0.1000000 -0.00000015895
   0.5000000   0.2000000 -0.21400681138
   0.5000000   0.3000000 -0.58171296120
   0.5000000   0.4000000 -0.92342776060
   0.5000000   0.5000000 -0.09166934341
   0.5000000   0.6000000  0.41807603836
   0.5000000   0.7000000  0.52300435305
   0.5000000   0.8000000  0.31774634123
   0.5000000   0.9000000  0.00000000000
   0.6000000   0.0000000  0.00000000000
   0.6000000   0.1000000 -0.95710217953
   0.6000000   0.2000000 -1.61995863914
   0.6000000   0.3000000 -1.83764147758
   0.6000000   0.4000000 -0.59805327654
   0.6000000   0.5000000  0.41807588935
   0.6000000   0.6000000  0.94306749105
   0.6000000   0.7000000  0.93402051926
   0.6000000   0.8000000  0.53632473946
   0.6000000   0.9000000  0.00000000000
   0.7000000   0.0000000  0.00000000000
   0.7000000   0.1000000 -1.54862296581
   0.7000000   0.2000000 -2.40764331818
   0.7000000   0.3000000 -1.43887364864
   0.7000000   0.4000000 -0.33573013544
   0.7000000   0.5000000  0.52300417423
   0.7000000   0.6000000  0.93402040005
   0.7000000   0.7000000  0.88177049160
   0.7000000   0.8000000  0.49934825301
   0.7000000   0.9000000  0.00000000000
   0.8000000   0.0000000  0.00000000000
   0.8000000   0.1000000 -1.54862308502
   0.8000000   0.2000000 -1.31875562668
   0.8000000   0.3000000 -0.76596492529
   0.8000000   0.4000000 -0.15194953978
   0.8000000   0.5000000  0.31774604321
   0.8000000   0.6000000  0.53632450104
   0.8000000   0.7000000  0.49934813380
   0.8000000   0.8000000  0.28159797192
   0.8000000   0.9000000  0.00000000000
   0.9000000   0.0000000  0.00000000000
   0.9000000   0.1000000 -0.00000015895
   0.9000000   0.2000000 -0.00000033114
   0.9000000   0.3000000 -0.00000026932
   0.9000000   0.4000000 -0.00000034806
   0.9000000   0.5000000 -0.00000031470
   0.9000000   0.6000000 -0.00000026385
   0.9000000   0.7000000 -0.00000019722
   0.9000000   0.8000000 -0.00000010548
   0.9000000   0.9000000  0.00000000000
   1.0000000   0.0000000  0.00000000000
   1.0000000   0.1000000  0.95579260588
   1.0000000   0.2000000  1.01350414753
   1.0000000   0.3000000  0.64380574226
   1.0000000   0.4000000  0.15933601558
   1.0000000   0.5000000 -0.23157857358
   1.0000000   0.6000000 -0.42241737247
   1.0000000   0.7000000 -0.40112137794
   1.0000000   0.8000000 -0.22757320106
   1.0000000   0.9000000  0.00000000000
   1.1000000   0.0000000  0.00000000000
   1.1000000   0.1000000  1.01350438595
   1.1000000   0.2000000  1.30023837090
   1.1000000   0.3000000  0.93058371544
   1.1000000   0.4000000  0.29321813583
   1.1000000   0.5000000 -0.27156579494
   1.1000000   0.6000000 -0.56883603334
   1.1000000   0.7000000 -0.55799090862
   1.1000000   0.8000000 -0.31970405579
   1.1000000   0.9000000  0.00000000000
   1.2000000   0.0000000  0.00000000000
   1.2000000   0.1000000  0.64380609989
   1.2000000   0.2000000  0.93058395386
   1.2000000   0.3000000  0.76911163330
   1.2000000   0.4000000  0.31908017397
   1.2000000   0.5000000 -0.14673796296
   1.2000000   0.6000000 -0.42291256785
   1.2000000   0.7000000 -0.44072204828
   1.2000000   0.8000000 -0.25704658031
   1.2000000   0.9000000  0.00000000000
   1.3000001   0.0000000  0.00000000000
   1.3000001   0.1000000  0.15933637321
   1.3000001   0.2000000  0.29321843386
   1.3000001   0.3000000  0.31908035278
   1.3000001   0.4000000  0.20877525210
   1.3000001   0.5000000  0.03317319602
   1.3000001   0.6000000 -0.10296802223
   1.3000001   0.7000000 -0.13977514207
   1.3000001   0.8000000 -0.08693104982
   1.3000001   0.9000000  0.00000000000
   1.4000000   0.0000000  0.00000000000
   1.4000000   0.1000000 -0.23157826066
   1.4000000   0.2000000 -0.27156549692
   1.4000000   0.3000000 -0.14673772454
   1.4000000   0.4000000  0.03317333385
   1.4000000   0.5000000  0.16756503284
   1.4000000   0.6000000  0.21501581371
   1.4000000   0.7000000  0.18300776184
   1.4000000   0.8000000  0.10009306669
   1.4000000   0.9000000  0.00000000000
   1.5000000   0.0000000  0.00000000000
   1.5000000   0.1000000 -0.42241710424
   1.5000000   0.2000000 -0.56883573532
   1.5000000   0.3000000 -0.42291229963
   1.5000000   0.4000000 -0.10296779871
   1.5000000   0.5000000  0.21501593292
   1.5000000   0.6000000  0.39144915342
   1.5000000   0.7000000  0.37781679630
   1.5000000   0.8000000  0.21591854095
   1.5000000   0.9000000  0.00000000000
   1.6000000   0.0000000  0.00000000000
   1.6000000   0.1000000 -0.40112113953
   1.6000000   0.2000000 -0.55799067020
   1.6000000   0.3000000 -0.44072180986
   1.6000000   0.4000000 -0.13977490366
   1.6000000   0.5000000  0.18300795555
   1.6000000   0.6000000  0.37781691551
   1.6000000   0.7000000  0.37797364593
   1.6000000   0.8000000  0.21856579185
   1.6000000   0.9000000  0.00000000000
   1.7000000   0.0000000  0.00000000000
   1.7000000   0.1000000 -0.22757308185
   1.7000000   0.2000000 -0.31970390677
   1.7000000   0.3000000 -0.25704640150
   1.7000000   0.4000000 -0.08693083376
   1.7000000   0.5000000  0.10009329766
   1.7000000   0.6000000  0.21591874957
   1.7000000   0.7000000  0.21856591105
   1.7000000   0.8000000  0.12687367201
   1.7000000   0.9000000  0.00000000000
   1.8000001   0.0000000  0.00000000000
   1.8000001   0.1000000  0.00000003974
   1.8000001   0.2000000  0.00000007285
   1.8000001   0.3000000  0.00000012859
   1.8000001   0.4000000  0.00000018194
   1.8000001   0.5000000  0.00000022953
   1.8000001   0.6000000  0.00000022552
   1.8000001   0.7000000  0.00000018445
   1.8000001   0.8000000  0.00000010122
   1.8000001   0.9000000  0.00000000000
   1.9000000   0.0000000  0.00000000000
   1.9000000   0.1000000  0.18242573738
   1.9000000   0.2000000  0.25305885077
   1.9000000   0.3000000  0.19901224971
   1.9000000   0.4000000  0.06195019931
   1.9000000   0.5000000 -0.08468699455
   1.9000000   0.6000000 -0.17305696011
   1.9000000   0.7000000 -0.17283201218
   1.9000000   0.8000000 -0.09990184009
   1.9000000   0.9000000  0.00000000000
   2.0000000   0.0000000  0.00000000000
   2.0000000   0.1000000  0.25305882096
   2.0000000   0.2000000  0.34417372942
   2.0000000   0.3000000  0.26102763414
   2.0000000   0.4000000  0.06865949929
   2.0000000   0.5000000 -0.12952056527
   2.0000000   0.6000000 -0.24423468113
   2.0000000   0.7000000 -0.23899912834
   2.0000000   0.8000000 -0.13727709651
   2.0000000   0.9000000  0.00000000000
   2.1000001   0.0000000  0.00000000000
   2.1000001   0.1000000  0.19901221991
   2.1000001   0.2000000  0.26102760434
   2.1000001   0.3000000  0.18340580165
   2.1000001   0.4000000  0.02620284259
   2.1000001   0.5000000 -0.12669925392
   2.1000001   0.6000000 -0.20910941064
   2.1000001   0.7000000 -0.19748052955
   2.1000001   0.8000000 -0.11219261587
   2.1000001   0.9000000  0.00000000000
   2.2000000   0.0000000  0.00000000000
   2.2000000   0.1000000  0.06195010990
   2.2000000   0.2000000  0.06865945458
   2.2000000   0.3000000  0.02620281838
   2.2000000   0.4000000 -0.03654267639
   2.2000000   0.5000000 -0.08797094226
   2.2000000   0.6000000 -0.10795932263
   2.2000000   0.7000000 -0.09245678782
   2.2000000   0.8000000 -0.05088674277
   2.2000000   0.9000000  0.00000000000
   2.3000000   0.0000000  0.00000000000
   2.3000000   0.1000000 -0.08468715847
   2.3000000   0.2000000 -0.12952068448
   2.3000000   0.3000000 -0.12669929862
   2.3000000   0.4000000 -0.08797095716
   2.3000000   0.5000000 -0.03752764314
   2.3000000   0.6000000  0.00124033052
   2.3000000   0.7000000  0.01676464453
   2.3000000   0.8000000  0.01216682419
   2.3000000   0.9000000  0.00000000000
   2.4000001   0.0000000  0.00000000000
   2.4000001   0.1000000 -0.17305719852
   2.4000001   0.2000000 -0.24423484504
   2.4000001   0.3000000 -0.20910951495
   2.4000001   0.4000000 -0.10795937479
   2.4000001   0.5000000  0.00124030816
   2.4000001   0.6000000  0.07147423923
   2.4000001   0.7000000  0.08418619633
   2.4000001   0.8000000  0.05061253160
   2.4000001   0.9000000  0.00000000000
   2.5000000   0.0000000  0.00000000000
   2.5000000   0.1000000 -0.17283222079
   2.5000000   0.2000000 -0.23899933696
   2.5000000   0.3000000 -0.19748067856
   2.5000000   0.4000000 -0.09245689213
   2.5000000   0.5000000  0.01676458679
   2.5000000   0.6000000  0.08418616652
   2.5000000   0.7000000  0.09285551310
   2.5000000   0.8000000  0.05495829508
   2.5000000   0.9000000  0.00000000000
   2.6000001   0.0000000  0.00000000000
   2.6000001   0.1000000 -0.09990197420
   2.6000001   0.2000000 -0.13727727532
   2.6000001   0.3000000 -0.11219280958
   2.6000001   0.4000000 -0.05088689178
   2.6000001   0.5000000  0.01216672175
   2.6000001   0.6000000  0.05061247200
   2.6000001   0.7000000  0.05495826527
   2.6000001   0.8000000  0.03240041435
   2.6000001   0.9000000  0.00000000000
   2.7000000   0.0000000  0.00000000000
   2.7000000   0.1000000 -0.00000008941
   2.7000000   0.2000000 -0.00000015895
   2.7000000   0.3000000 -0.00000017716
   2.7000000   0.4000000 -0.00000017019
   2.7000000   0.5000000 -0.00000013372
   2.7000000   0.6000000 -0.00000009921
   2.7000000   0.7000000 -0.00000006411
   2.7000000   0.8000000 -0.00000003131
   2.7000000   0.9000000  0.00000000000
   2.8000000   0.0000000  0.00000000000
   2.8000000   0.1000000  0.07905959338
   2.8000000   0.2000000  0.10950969160
   2.8000000   0.3000000  0.09086291492
   2.8000000   0.4000000  0.04319416732
   2.8000000   0.5000000 -0.00652849954
   2.8000000   0.6000000 -0.03736652061
   2.8000000   0.7000000 -0.04157513380
   2.8000000   0.8000000 -0.02465853654
   2.8000000   0.9000000  0.00000000000
   2.9000001   0.0000000  0.00000000000
   2.9000001   0.1000000  0.10950976610
   2.9000001   0.2000000  0.15371948481
   2.9000001   0.3000000  0.13093733788
   2.9000001   0.4000000  0.06740502268
   2.9000001   0.5000000 -0.00050004572
   2.9000001   0.6000000 -0.04391793534
   2.9000001   0.7000000 -0.05175332353
   2.9000001   0.8000000 -0.03110947832
   2.9000001   0.9000000  0.00000000000
   3.0000000   0.0000000  0.00000000000
   3.0000000   0.1000000  0.09086304903
   3.0000000   0.2000000  0.13093739748
   3.0000000   0.3000000  0.11760495603
   3.0000000   0.4000000  0.07012549788
   3.0000000   0.5000000  0.01655724645
   3.0000000   0.6000000 -0.02008703724
   3.0000000   0.7000000 -0.03036658093
   3.0000000   0.8000000 -0.01915378869
   3.0000000   0.9000000  0.00000000000
   3.1000001   0.0000000  0.00000000000
   3.1000001   0.1000000  0.04319431633
   3.1000001   0.2000000  0.06740513444
   3.1000001   0.3000000  0.07012556493
   3.1000001   0.4000000  0.05683242902
   3.1000001   0.5000000  0.03703826666
   3.1000001   0.6000000  0.01938901097
   3.1000001   0.7000000  0.00823447015
   3.1000001   0.8000000  0.00299245585
   3.1000001   0.9000000  0.00000000000
   3.2000000   0.0000000  0.00000000000
   3.2000000   0.1000000 -0.00652834773
   3.2000000   0.2000000 -0.00049989671
   3.2000000   0.3000000  0.01655735634
   3.2000000   0.4000000  0.03703832626
   3.2000000   0.5000000  0.05185585842
   3.2000000   0.6000000  0.05468372256
   3.2000000   0.7000000  0.04419016093
   3.2000000   0.8000000  0.02385947481
   3.2000000   0.9000000  0.00000000000
   3.3000000   0.0000000  0.00000000000
   3.3000000   0.1000000 -0.03736638278
   3.3000000   0.2000000 -0.04391778633
   3.3000000   0.3000000 -0.02008689940
   3.3000000   0.4000000  0.01938911155
   3.3000000   0.5000000  0.05468378216
   3.3000000   0.6000000  0.07049554586
   3.3000000   0.7000000  0.06184358895
   3.3000000   0.8000000  0.03434709832
   3.3000000   0.9000000  0.00000000000
   3.4000001   0.0000000  0.00000000000
   3.4000001   0.1000000 -0.04157503694
   3.4000001   0.2000000 -0.05175319314
   3.4000001   0.3000000 -0.03036644123
   3.4000001   0.4000000  0.00823460985
   3.4000001   0.5000000  0.04419025779
   3.4000001   0.6000000  0.06184363365
   3.4000001   0.7000000  0.05577694625
   3.4000001   0.8000000  0.03125368804
   3.4000001   0.9000000  0.00000000000
   3.5000000   0.0000000  0.00000000000
   3.5000000   0.1000000 -0.02465847135
   3.5000000   0.2000000 -0.03110938333
   3.5000000   0.3000000 -0.01915365271
   3.5000000   0.4000000  0.00299259601
   3.5000000   0.5000000  0.02385959402
   3.5000000   0.6000000  0.03434718400
   3.5000000   0.7000000  0.03125373274
   3.5000000   0.8000000  0.01756119356
   3.5000000   0.9000000  0.00000000000
   3.6000001   0.0000000  0.00000000000
   3.6000001   0.1000000  0.00000002732
   3.6000001   0.2000000  0.00000007802
   3.6000001   0.3000000  0.00000010455
   3.6000001   0.4000000  0.00000012177
   3.6000001   0.5000000  0.00000012627
   3.6000001   0.6000000  0.00000011287
   3.6000001   0.7000000  0.00000008109
   3.6000001   0.8000000  0.00000004193
   3.6000001   0.9000000  0.00000000000
   3.7000000   0.0000000  0.00000000000
   3.7000000   0.1000000  0.01858936250
   3.7000000   0.2000000  0.02295091376
   3.7000000   0.3000000  0.01303747110
   3.7000000   0.4000000 -0.00460474519
   3.7000000   0.5000000 -0.02093702182
   3.7000000   0.6000000 -0.02884585783
   3.7000000   0.7000000 -0.02588684857
   3.7000000   0.8000000 -0.01448265370
   3.7000000   0.9000000  0.00000000000
   3.8000000   0.0000000  0.00000000000
   3.8000000   0.1000000  0.02295087837
   3.8000000   0.2000000  0.02688415721
   3.8000000   0.3000000  0.01200687047
   3.8000000   0.4000000 -0.01258898806
   3.8000000   0.5000000 -0.03457717970
   3.8000000   0.6000000 -0.04439164698
   3.8000000   0.7000000 -0.03889519721
   3.8000000   0.8000000 -0.02159403078
   3.8000000   0.9000000  0.00000000000
   3.9000001   0.0000000  0.00000000000
   3.9000001   0.1000000  0.01303740032
   3.9000001   0.2000000  0.01200683601
   3.9000001   0.3000000 -0.00243623252
   3.9000001   0.4000000 -0.02287304960
   3.9000001   0.5000000 -0.03961803392
   3.9000001   0.6000000 -0.04538270086
   3.9000001   0.7000000 -0.03806231171
   3.9000001   0.8000000 -0.02082495205
   3.9000001   0.9000000  0.00000000000
   4.0000000   0.0000000  0.00000000000
   4.0000000   0.1000000 -0.00460484205
   4.0000000   0.2000000 -0.01258905511
   4.0000000   0.3000000 -0.02287308499
   4.0000000   0.4000000 -0.03233242035
   4.0000000   0.5000000 -0.03746158257
   4.0000000   0.6000000 -0.03599324077
   4.0000000   0.7000000 -0.02778718993
   4.0000000   0.8000000 -0.01475182455
   4.0000000   0.9000000  0.00000000000
   4.0999999   0.0000000  0.00000000000
   4.0999999   0.1000000 -0.02093713358
   4.0999999   0.2000000 -0.03457727656
   4.0999999   0.3000000 -0.03961810097
   4.0999999   0.4000000 -0.03746161982
   4.0999999   0.5000000 -0.03092434071
   4.0999999   0.6000000 -0.02276749536
   4.0999999   0.7000000 -0.01470964961
   4.0999999   0.8000000 -0.00722396281
   4.0999999   0.9000000  0.00000000000
   4.2000003   0.0000000  0.00000000000
   4.2000003   0.1000000 -0.02884597890
   4.2000003   0.2000000 -0.04439175874
   4.2000003   0.3000000 -0.04538279772
   4.2000003   0.4000000 -0.03599330783
   4.2000003   0.5000000 -0.02276752889
   4.2000003   0.6000000 -0.01134679653
   4.2000003   0.7000000 -0.00441572163
   4.2000003   0.8000000 -0.00145784894
   4.2000003   0.9000000  0.00000000000
   4.3000002   0.0000000  0.00000000000
   4.3000002   0.1000000 -0.02588695846
   4.3000002   0.2000000 -0.03889531642
   4.3000002   0.3000000 -0.03806242719
   4.3000002   0.4000000 -0.02778728306
   4.3000002   0.5000000 -0.01470971480
   4.3000002   0.6000000 -0.00441575469
   4.3000002   0.7000000  0.00059917150
   4.3000002   0.8000000  0.00113580422
   4.3000002   0.9000000  0.00000000000
   4.4000001   0.0000000  0.00000000000
   4.4000001   0.1000000 -0.01448273659
   4.4000001   0.2000000 -0.02159414254
   4.4000001   0.3000000 -0.02082506940
   4.4000001   0.4000000 -0.01475193538
   4.4000001   0.5000000 -0.00722405268
   4.4000001   0.6000000 -0.00145791180
   4.4000001   0.7000000  0.00113577209
   4.4000001   0.8000000  0.00106426422
   4.4000001   0.9000000  0.00000000000
   4.5000000   0.0000000  0.00000000000
   4.5000000   0.1000000 -0.00000004967
   4.5000000   0.2000000 -0.00000008361
   4.5000000   0.3000000 -0.00000010796
   4.5000000   0.4000000 -0.00000011236
   4.5000000   0.5000000 -0.00000010435
   4.5000000   0.6000000 -0.00000008601
   4.5000000   0.7000000 -0.00000006030
   4.5000000   0.8000000 -0.00000003081
   4.5000000   0.9000000  0.00000000000
   4.5999999   0.0000000  0.00000000000
   4.5999999   0.1000000  0.01202554256
   4.5999999   0.2000000  0.01814812794
   4.5999999   0.3000000  0.01790823787
   4.5999999   0.4000000  0.01329460274
   4.5999999   0.5000000  0.00732539920
   4.5999999   0.6000000  0.00254908460
   4.5999999   0.7000000  0.00011628999
   4.5999999   0.8000000 -0.00031601152
   4.5999999   0.9000000  0.00000000000
   4.7000003   0.0000000  0.00000000000
   4.7000003   0.1000000  0.01814817265
   4.7000003   0.2000000  0.02796620689
   4.7000003   0.3000000  0.02866612189
   4.7000003   0.4000000  0.02285025828
   4.7000003   0.5000000  0.01459743641
   4.7000003   0.6000000  0.00742395036
   4.7000003   0.7000000  0.00300836377
   4.7000003   0.8000000  0.00104156160
   4.7000003   0.9000000  0.00000000000
   4.8000002   0.0000000  0.00000000000
   4.8000002   0.1000000  0.01790831611
   4.8000002   0.2000000  0.02866615914
   4.8000002   0.3000000  0.03132677078
   4.8000002   0.4000000  0.02772173285
   4.8000002   0.5000000  0.02098978683
   4.8000002   0.6000000  0.01398231369
   4.8000002   0.7000000  0.00824355707
   4.8000002   0.8000000  0.00385597767
   4.8000002   0.9000000  0.00000000000
   4.9000001   0.0000000  0.00000000000
   4.9000001   0.1000000  0.01329469960
   4.9000001   0.2000000  0.02285033092
   4.9000001   0.3000000  0.02772176825
   4.9000001   0.4000000  0.02819006704
   4.9000001   0.5000000  0.02527911775
   4.9000001   0.6000000  0.02018908784
   4.9000001   0.7000000  0.01389647089
   4.9000001   0.8000000  0.00703282235
   4.9000001   0.9000000  0.00000000000
   5.0000000   0.0000000  0.00000000000
   5.0000000   0.1000000  0.00732550491
   5.0000000   0.2000000  0.01459752396
   5.0000000   0.3000000  0.02098985016
   5.0000000   0.4000000  0.02527914941
   5.0000000   0.5000000  0.02635479532
   5.0000000   0.6000000  0.02369914949
   5.0000000   0.7000000  0.01762905717
   5.0000000   0.8000000  0.00922318362
   5.0000000   0.9000000  0.00000000000
   5.0999999   0.0000000  0.00000000000
   5.0999999   0.1000000  0.00254918030
   5.0999999   0.2000000  0.00742404535
   5.0999999   0.3000000  0.01398239471
   5.0999999   0.4000000  0.02018914744
   5.0999999   0.5000000  0.02369917929
   5.0999999   0.6000000  0.02295186184
   5.0999999   0.7000000  0.01779709011
   5.0999999   0.8000000  0.00946444180
   5.0999999   0.9000000  0.00000000000
   5.2000003   0.0000000  0.00000000000
   5.2000003   0.1000000  0.00011636907
   5.2000003   0.2000000  0.00300845387
   5.2000003   0.3000000  0.00824364740
   5.2000003   0.4000000  0.01389654353
   5.2000003   0.5000000  0.01762910932
   5.2000003   0.6000000  0.01779711805
   5.2000003   0.7000000  0.01409668755
   5.2000003   0.8000000  0.00755686453
   5.2000003   0.9000000  0.00000000000
   5.3000002   0.0000000  0.00000000000
   5.3000002   0.1000000 -0.00031595476
   5.3000002   0.2000000  0.00104163913
   5.3000002   0.3000000  0.00385606056
   5.3000002   0.4000000  0.00703290291
   5.3000002   0.5000000  0.00922325253
   5.3000002   0.6000000  0.00946449023
   5.3000002   0.7000000  0.00755689014
   5.3000002   0.8000000  0.00406304561
   5.3000002   0.9000000  0.00000000000
   5.4000001   0.0000000  0.00000000000
   5.4000001   0.1000000  0.00000003151
   5.4000001   0.2000000  0.00000005210
   5.4000001   0.3000000  0.00000006952
   5.4000001   0.4000000  0.00000007843
   5.4000001   0.5000000  0.00000007457
   5.4000001   0.6000000  0.00000006428
   5.4000001   0.7000000  0.00000004642
   5.4000001   0.8000000  0.00000002401
   5.4000001   0.9000000  0.00000000000
   5.5000000   0.0000000  0.00000000000
   5.5000000   0.1000000 -0.00024184269
   5.5000000   0.2000000 -0.00171310070
   5.5000000   0.3000000 -0.00420059264
   5.5000000   0.4000000 -0.00681881886
   5.5000000   0.5000000 -0.00850209780
   5.5000000   0.6000000 -0.00850775465
   5.5000000   0.7000000 -0.00670918450
   5.5000000   0.8000000 -0.00359072792
   5.5000000   0.9000000  0.00000000000
   5.5999999   0.0000000  0.00000000000
   5.5999999   0.1000000 -0.00171312864
   5.5999999   0.2000000 -0.00485229073
   5.5999999   0.3000000 -0.00900733192
   5.5999999   0.4000000 -0.01290479116
   5.5999999   0.5000000 -0.01508233696
   5.5999999   0.6000000 -0.01457070094
   5.5999999   0.7000000 -0.01128357090
   5.5999999   0.8000000 -0.00599759351
   5.5999999   0.9000000  0.00000000000
   5.7000003   0.0000000  0.00000000000
   5.7000003   0.1000000 -0.00420064293
   5.7000003   0.2000000 -0.00900735892
   5.7000003   0.3000000 -0.01385153644
   5.7000003   0.4000000 -0.01759498939
   5.7000003   0.5000000 -0.01906734519
   5.7000003   0.6000000 -0.01759448647
   5.7000003   0.7000000 -0.01328601968
   5.7000003   0.8000000 -0.00699295430
   5.7000003   0.9000000  0.00000000000
   5.8000002   0.0000000  0.00000000000
   5.8000002   0.1000000 -0.00681888591
   5.8000002   0.2000000 -0.01290483773
   5.8000002   0.3000000 -0.01759501360
   5.8000002   0.4000000 -0.02022048645
   5.8000002   0.5000000 -0.02031530067
   5.8000002   0.6000000 -0.01779547706
   5.8000002   0.7000000 -0.01302922051
   5.8000002   0.8000000 -0.00677254936
   5.8000002   0.9000000  0.00000000000
   5.9000001   0.0000000  0.00000000000
   5.9000001   0.1000000 -0.00850217044
   5.9000001   0.2000000 -0.01508240215
   5.9000001   0.3000000 -0.01906738989
   5.9000001   0.4000000 -0.02031532489
   5.9000001   0.5000000 -0.01908680610
   5.9000001   0.6000000 -0.01586975530
   5.9000001   0.7000000 -0.01123463549
   5.9000001   0.8000000 -0.00575696770
   5.9000001   0.9000000  0.00000000000
   6.0000000   0.0000000  0.00000000000
   6.0000000   0.1000000 -0.00850782730
   6.0000000   0.2000000 -0.01457077079
   6.0000000   0.3000000 -0.01759454980
   6.0000000   0.4000000 -0.01779552363
   6.0000000   0.5000000 -0.01586977951
   6.0000000   0.6000000 -0.01261193119
   6.0000000   0.7000000 -0.00865027308
   6.0000000   0.8000000 -0.00437078625
   6.0000000   0.9000000  0.00000000000
   6.0999999   0.0000000  0.00000000000
   6.0999999   0.1000000 -0.00670924596
   6.0999999   0.2000000 -0.01128364354
   6.0999999   0.3000000 -0.01328608952
   6.0999999   0.4000000 -0.01302928291
   6.0999999   0.5000000 -0.01123467833
   6.0999999   0.6000000 -0.00865029544
   6.0999999   0.7000000 -0.00579432771
   6.0999999   0.8000000 -0.00289587770
   6.0999999   0.9000000  0.00000000000
   6.2000003   0.0000000  0.00000000000
   6.2000003   0.1000000 -0.00359077752
   6.2000003   0.2000000 -0.00599765684
   6.2000003   0.3000000 -0.00699302461
   6.2000003   0.4000000 -0.00677261502
   6.2000003   0.5000000 -0.00575702451
   6.2000003   0.6000000 -0.00437082723
   6.2000003   0.7000000 -0.00289589888
   6.2000003   0.8000000 -0.00143981352
   6.2000003   0.9000000  0.00000000000
   6.3000002   0.0000000  0.00000000000
   6.3000002   0.1000000 -0.00000002670
   6.3000002   0.2000000 -0.00000004801
   6.3000002   0.3000000 -0.00000005916
   6.3000002   0.4000000 -0.00000006535
   6.3000002   0.5000000 -0.00000006276
   6.3000002   0.6000000 -0.00000005352
   6.3000002   0.7000000 -0.00000003864
   6.3000002   0.8000000 -0.00000001994
   6.3000002   0.9000000  0.00000000000
   6.4000001   0.0000000  0.00000000000
   6.4000001   0.1000000  0.00319609675
   6.4000001   0.2000000  0.00539552514
   6.4000001   0.3000000  0.00638697390
   6.4000001   0.4000000  0.00630545523
   6.4000001   0.5000000  0.00547769433
   6.4000001   0.6000000  0.00424808078
   6.4000001   0.7000000  0.00286122668
   6.4000001   0.8000000  0.00143366714
   6.4000001   0.9000000  0.00000000000
   6.5000000   0.0000000  0.00000000000
   6.5000000   0.1000000  0.00539555028
   6.5000000   0.2000000  0.00925089233
   6.5000000   0.3000000  0.01118763536
   6.5000000   0.4000000  0.01133594103
   6.5000000   0.5000000  0.01012858562
   6.5000000   0.6000000  0.00806334987
   6.5000000   0.7000000  0.00553749641
   6.5000000   0.8000000  0.00279958127
   6.5000000   0.9000000  0.00000000000
   6.5999999   0.0000000  0.00000000000
   6.5999999   0.1000000  0.00638701906
   6.5999999   0.2000000  0.01118765958
   6.5999999   0.3000000  0.01391798258
   6.5999999   0.4000000  0.01456940919
   6.5999999   0.5000000  0.01345654111
   6.5999999   0.6000000  0.01102943625
   6.5999999   0.7000000  0.00773221208
   6.5999999   0.8000000  0.00394534692
   6.5999999   0.9000000  0.00000000000
   6.7000003   0.0000000  0.00000000000
   6.7000003   0.1000000  0.00630551297
   6.7000003   0.2000000  0.01133598294
   6.7000003   0.3000000  0.01456943154
   6.7000003   0.4000000  0.01579750329
   6.7000003   0.5000000  0.01508776285
   6.7000003   0.6000000  0.01271336433
   6.7000003   0.7000000  0.00908058789
   6.7000003   0.8000000  0.00467107305
   6.7000003   0.9000000  0.00000000000
   6.8000002   0.0000000  0.00000000000
   6.8000002   0.1000000  0.00547775626
   6.8000002   0.2000000  0.01012864150
   6.8000002   0.3000000  0.01345658116
   6.8000002   0.4000000  0.01508778334
   6.8000002   0.5000000  0.01484646648
   6.8000002   0.6000000  0.01280478202
   6.8000002   0.7000000  0.00928460248
   6.8000002   0.8000000  0.00480661448
   6.8000002   0.9000000  0.00000000000
   6.9000001   0.0000000  0.00000000000
   6.9000001   0.1000000  0.00424814271
   6.9000001   0.2000000  0.00806340855
   6.9000001   0.3000000  0.01102948841
   6.9000001   0.4000000  0.01271340158
   6.9000001   0.5000000  0.01280480158
   6.9000001   0.6000000  0.01123704202
   6.9000001   0.7000000  0.00823666900
   6.9000001   0.8000000  0.00428339979
   6.9000001   0.9000000  0.00000000000
   7.0000000   0.0000000  0.00000000000
   7.0000000   0.1000000  0.00286127580
   7.0000000   0.2000000  0.00553755369
   7.0000000   0.3000000  0.00773226749
   7.0000000   0.4000000  0.00908063725
   7.0000000   0.5000000  0.00928463973
   7.0000000   0.6000000  0.00823668763
   7.0000000   0.7000000  0.00607757038
   7.0000000   0.8000000  0.00316920830
   7.0000000   0.9000000  0.00000000000
   7.0999999   0.0000000  0.00000000000
   7.0999999   0.1000000  0.00143370312
   7.0999999   0.2000000  0.00279962784
   7.0999999   0.3000000  0.00394540094
   7.0999999   0.4000000  0.00467112847
   7.0999999   0.5000000  0.00480666151
   7.0999999   0.6000000  0.00428343378
   7.0999999   0.7000000  0.00316922553
   7.0999999   0.8000000  0.00165446545
   7.0999999   0.9000000  0.00000000000
   7.2000003   0.0000000  0.00000000000
   7.2000003   0.1000000  0.00000001785
   7.2000003   0.2000000  0.00000003420
   7.2000003   0.3000000  0.00000004741
   7.2000003   0.4000000  0.00000005181
   7.2000003   0.5000000  0.00000005142
   7.2000003   0.6000000  0.00000004384
   7.2000003   0.7000000  0.00000003169
   7.2000003   0.8000000  0.00000001631
   7.2000003   0.9000000  0.00000000000
   7.3000002   0.0000000  0.00000000000
   7.3000002   0.1000000 -0.00141107617
   7.3000002   0.2000000 -0.00271864841
   7.3000002   0.3000000 -0.00377832912
   7.3000002   0.4000000 -0.00441863947
   7.3000002   0.5000000 -0.00450285058
   7.3000002   0.6000000 -0.00398512138
   7.3000002   0.7000000 -0.00293623982
   7.3000002   0.8000000 -0.00153022446
   7.3000002   0.9000000  0.00000000000
   7.4000001   0.0000000  0.00000000000
   7.4000001   0.1000000 -0.00271866610
   7.4000001   0.2000000 -0.00515493704
   7.4000001   0.3000000 -0.00704320148
   7.4000001   0.4000000 -0.00811006315
   7.4000001   0.5000000 -0.00816138834
   7.4000001   0.6000000 -0.00715767778
   7.4000001   0.7000000 -0.00524450745
   7.4000001   0.8000000 -0.00272692135
   7.4000001   0.9000000  0.00000000000
   7.5000000   0.0000000  0.00000000000
   7.5000000   0.1000000 -0.00377836218
   7.5000000   0.2000000 -0.00704321917
   7.5000000   0.3000000 -0.00944379251
   7.5000000   0.4000000 -0.01068322361
   7.5000000   0.5000000 -0.01059278380
   7.5000000   0.6000000 -0.00918877777
   7.5000000   0.7000000 -0.00668691844
   7.5000000   0.8000000 -0.00346706714
   7.5000000   0.9000000  0.00000000000
   7.5999999   0.0000000  0.00000000000
   7.5999999   0.1000000 -0.00441868417
   7.5999999   0.2000000 -0.00811009482
   7.5999999   0.3000000 -0.01068324130
   7.5999999   0.4000000 -0.01187797822
   7.5999999   0.5000000 -0.01160282269
   7.5999999   0.6000000 -0.00995139219
   7.5999999   0.7000000 -0.00718998117
   7.5999999   0.8000000 -0.00371665950
   7.5999999   0.9000000  0.00000000000
   7.7000003   0.0000000  0.00000000000
   7.7000003   0.1000000 -0.00450290088
   7.7000003   0.2000000 -0.00816143211
   7.7000003   0.3000000 -0.01059281640
   7.7000003   0.4000000 -0.01160283946
   7.7000003   0.5000000 -0.01118447911
   7.7000003   0.6000000 -0.00949385017
   7.7000003   0.7000000 -0.00681374501
   7.7000003   0.8000000 -0.00351221999
   7.7000003   0.9000000  0.00000000000
   7.8000002   0.0000000  0.00000000000
   7.8000002   0.1000000 -0.00398517214
   7.8000002   0.2000000 -0.00715772761
   7.8000002   0.3000000 -0.00918881968
   7.8000002   0.4000000 -0.00995142385
   7.8000002   0.5000000 -0.00949386694
   7.8000002   0.6000000 -0.00799273513
   7.8000002   0.7000000 -0.00570553448
   7.8000002   0.8000000 -0.00293420674
   7.8000002   0.9000000  0.00000000000
   7.9000001   0.0000000  0.00000000000
   7.9000001   0.1000000 -0.00293628289
   7.9000001   0.2000000 -0.00524455495
   7.9000001   0.3000000 -0.00668696640
   7.9000001   0.4000000 -0.00719002262
   7.9000001   0.5000000 -0.00681377482
   7.9000001   0.6000000 -0.00570554985
   7.9000001   0.7000000 -0.00405831356
   7.9000001   0.8000000 -0.00208387617
   7.9000001   0.9000000  0.00000000000
   8.0000000   0.0000000  0.00000000000
   8.0000000   0.1000000 -0.00153025507
   8.0000000   0.2000000 -0.00272696326
   8.0000000   0.3000000 -0.00346711418
   8.0000000   0.4000000 -0.00371670490
   8.0000000   0.5000000 -0.00351225841
   8.0000000   0.6000000 -0.00293423492
   8.0000000   0.7000000 -0.00208389084
   8.0000000   0.8000000 -0.00106933259
   8.0000000   0.9000000  0.00000000000
   8.1000004   0.0000000  0.00000000000
   8.1000004   0.1000000 -0.00000001738
   8.1000004   0.2000000 -0.00000003110
   8.1000004   0.3000000 -0.00000003986
   8.1000004   0.4000000 -0.00000004386
   8.1000004   0.5000000 -0.00000004287
   8.1000004   0.6000000 -0.00000003664
   8.1000004   0.7000000 -0.00000002657
   8.1000004   0.8000000 -0.00000001375
   8.1000004   0.9000000  0.00000000000
   8.1999998   0.0000000  0.00000000000
   8.1999998   0.1000000  0.00141904166
   8.1999998   0.2000000  0.00253766077
   8.1999998   0.3000000  0.00324043888
   8.1999998   0.4000000  0.00348974462
   8.1999998   0.5000000  0.00331202801
   8.1999998   0.6000000  0.00277667725
   8.1999998   0.7000000  0.00197660783
   8.1999998   0.8000000  0.00101530459
   8.1999998   0.9000000  0.00000000000
   8.3000002   0.0000000  0.00000000000
   8.3000002   0.1000000  0.00253767706
   8.3000002   0.2000000  0.00455936883
   8.3000002   0.3000000  0.00585544948
   8.3000002   0.4000000  0.00634401990
   8.3000002   0.5000000  0.00605462585
   8.3000002   0.6000000  0.00509884721
   8.3000002   0.7000000  0.00364049291
   8.3000002   0.8000000  0.00187237165
   8.3000002   0.9000000  0.00000000000
   8.4000006   0.0000000  0.00000000000
   8.4000006   0.1000000  0.00324046798
   8.4000006   0.2000000  0.00585546484
   8.4000006   0.3000000  0.00757223694
   8.4000006   0.4000000  0.00826326385
   8.4000006   0.5000000  0.00793837383
   8.4000006   0.6000000  0.00672039762
   8.4000006   0.7000000  0.00481481571
   8.4000006   0.8000000  0.00248000142
   8.4000006   0.9000000  0.00000000000
   8.5000000   0.0000000  0.00000000000
   8.5000000   0.1000000  0.00348978280
   8.5000000   0.2000000  0.00634404738
   8.5000000   0.3000000  0.00826327875
   8.5000000   0.4000000  0.00908399746
   8.5000000   0.5000000  0.00878499448
   8.5000000   0.6000000  0.00747615844
   8.5000000   0.7000000  0.00537456525
   8.5000000   0.8000000  0.00277233659
   8.5000000   0.9000000  0.00000000000
   8.6000004   0.0000000  0.00000000000
   8.6000004   0.1000000  0.00331206992
   8.6000004   0.2000000  0.00605466217
   8.6000004   0.3000000  0.00793839991
   8.6000004   0.4000000  0.00878500845
   8.6000004   0.5000000  0.00854623690
   8.6000004   0.6000000  0.00730657112
   8.6000004   0.7000000  0.00526830740
   8.6000004   0.8000000  0.00272095716
   8.6000004   0.9000000  0.00000000000
   8.6999998   0.0000000  0.00000000000
   8.6999998   0.1000000  0.00277671870
   8.6999998   0.2000000  0.00509888772
   8.6999998   0.3000000  0.00672043255
   8.6999998   0.4000000  0.00747618405
   8.6999998   0.5000000  0.00730658462
   8.6999998   0.6000000  0.00626900699
   8.6999998   0.7000000  0.00453051599
   8.6999998   0.8000000  0.00234216242
   8.6999998   0.9000000  0.00000000000
   8.8000002   0.0000000  0.00000000000
   8.8000002   0.1000000  0.00197664369
   8.8000002   0.2000000  0.00364053296
   8.8000002   0.3000000  0.00481485529
   8.8000002   0.4000000  0.00537459878
   8.8000002   0.5000000  0.00526833162
   8.8000002   0.6000000  0.00453052856
   8.8000002   0.7000000  0.00327891926
   8.8000002   0.8000000  0.00169615948
   8.8000002   0.9000000  0.00000000000
   8.9000006   0.0000000  0.00000000000
   8.9000006   0.1000000  0.00101533101
   8.9000006   0.2000000  0.00187240669
   8.9000006   0.3000000  0.00248003937
   8.9000006   0.4000000  0.00277237361
   8.9000006   0.5000000  0.00272098882
   8.9000006   0.6000000  0.00234218501
   8.9000006   0.7000000  0.00169617124
   8.9000006   0.8000000  0.00087764271
   8.9000006   0.9000000  0.00000000000
   9.0000000   0.0000000  0.00000000000
   9.0000000   0.1000000  0.00000001444
   9.0000000   0.2000000  0.00000002515
   9.0000000   0.3000000  0.00000003275
   9.0000000   0.4000000  0.00000003591
   9.0000000   0.5000000  0.00000003479
   9.0000000   0.6000000  0.00000002983
   9.0000000   0.7000000  0.00000002139
   9.0000000   0.8000000  0.00000001105
   9.0000000   0.9000000  0.00000000000
   9.1000004   0.0000000  0.00000000000
   9.1000004   0.1000000 -0.00096255413
   9.1000004   0.2000000 -0.00177162921
   9.1000004   0.3000000 -0.00234130328
   9.1000004   0.4000000 -0.00261150952
   9.1000004   0.5000000 -0.00255818618
   9.1000004   0.6000000 -0.00219881465
   9.1000004   0.7000000 -0.00159085519
   9.1000004   0.8000000 -0.00082282553
   9.1000004   0.9000000  0.00000000000
   9.1999998   0.0000000  0.00000000000
   9.1999998   0.1000000 -0.00177164236
   9.1999998   0.2000000 -0.00325272186
   9.1999998   0.3000000 -0.00428631622
   9.1999998   0.4000000 -0.00476741605
   9.1999998   0.5000000 -0.00465847831
   9.1999998   0.6000000 -0.00399642717
   9.1999998   0.7000000 -0.00288791722
   9.1999998   0.8000000 -0.00149292778
   9.1999998   0.9000000  0.00000000000
   9.3000002   0.0000000  0.00000000000
   9.3000002   0.1000000 -0.00234132726
   9.3000002   0.2000000 -0.00428632926
   9.3000002   0.3000000 -0.00562949572
   9.3000002   0.4000000 -0.00624051690
   9.3000002   0.5000000 -0.00608007144
   9.3000002   0.6000000 -0.00520421052
   9.3000002   0.7000000 -0.00375524675
   9.3000002   0.8000000 -0.00194011291
   9.3000002   0.9000000  0.00000000000
   9.4000006   0.0000000  0.00000000000
   9.4000006   0.1000000 -0.00261154096
   9.4000006   0.2000000 -0.00476743933
   9.4000006   0.3000000 -0.00624052947
   9.4000006   0.4000000 -0.00689478172
   9.4000006   0.5000000 -0.00669767475
   9.4000006   0.6000000 -0.00571971387
   9.4000006   0.7000000 -0.00412113965
   9.4000006   0.8000000 -0.00212781969
   9.4000006   0.9000000  0.00000000000
   9.5000000   0.0000000  0.00000000000
   9.5000000   0.1000000 -0.00255822064
   9.5000000   0.2000000 -0.00465850858
   9.5000000   0.3000000 -0.00608009379
   9.5000000   0.4000000 -0.00669768639
   9.5000000   0.5000000 -0.00648910925
   9.5000000   0.6000000 -0.00553024886
   9.5000000   0.7000000 -0.00397935417
   9.5000000   0.8000000 -0.00205346034
   9.5000000   0.9000000  0.00000000000
   9.6000004   0.0000000  0.00000000000
   9.6000004   0.1000000 -0.00219884841
   9.6000004   0.2000000 -0.00399646070
   9.6000004   0.3000000 -0.00520423893
   9.6000004   0.4000000 -0.00571973529
   9.6000004   0.5000000 -0.00553025957
   9.6000004   0.6000000 -0.00470552593
   9.6000004   0.7000000 -0.00338239921
   9.6000004   0.8000000 -0.00174464460
   9.6000004   0.9000000  0.00000000000
   9.6999998   0.0000000  0.00000000000
   9.6999998   0.1000000 -0.00159088417
   9.6999998   0.2000000 -0.00288794935
   9.6999998   0.3000000 -0.00375527842
   9.6999998   0.4000000 -0.00412116665
   9.6999998   0.5000000 -0.00397937419
   9.6999998   0.6000000 -0.00338240969
   9.6999998   0.7000000 -0.00242968509
   9.6999998   0.8000000 -0.00125287473
   9.6999998   0.9000000  0.00000000000
   9.8000002   0.0000000  0.00000000000
   9.8000002   0.1000000 -0.00082284631
   9.8000002   0.2000000 -0.00149295526
   9.8000002   0.3000000 -0.00194014353
   9.8000002   0.4000000 -0.00212784996
   9.8000002   0.5000000 -0.00205348665
   9.8000002   0.6000000 -0.00174466369
   9.8000002   0.7000000 -0.00125288474
   9.8000002   0.8000000 -0.00064597512
   9.8000002   0.9000000  0.00000000000
   9.9000006   0.0000000  0.00000000000
   9.9000006   0.1000000 -0.00000001071
   9.9000006   0.2000000 -0.00000002002
   9.9000006   0.3000000 -0.00000002670
   9.9000006   0.4000000 -0.00000002985
   9.9000006   0.5000000 -0.00000002897
   9.9000006   0.6000000 -0.00000002502
   9.9000006   0.7000000 -0.00000001808
   9.9000006   0.8000000 -0.00000000936
   9.9000006   0.9000000  0.00000000000
